0 0.6678197265625 0.107418490625 0.6582184703125 0.12469660468749999 0.5724716437499999 0.4507480390625 0.571604234375 0.4674953859375 0.5826429953125001 0.47340121875 0.84513934375 0.5144130984374999 0.8559203343749999 0.510014278125 0.9377711812499999 0.21333933124999999 0.9317784031249999 0.19660416875 0.679031971875 0.10997485625 0.6678197265625 0.107418490625
0 0.5123164296875 0.6239807453124999 0.521020546875 0.629117840625 0.766564734375 0.6918005625 0.7801413546875 0.6894578 0.7881861828125001 0.6716671937500001 0.84390014375 0.5128695328124999 0.578751921875 0.47211998906249997 0.569760303125 0.46234610312499996 0.600824246875 0.33631094687499996 0.5103584765625 0.6108452046874999 0.5123164296875 0.6239807453124999
0 0.9470306734375 0.3503808671875 0.93641825625 0.38208793281250003 0.8620124125 0.62670884375 0.861001253125 0.6411377953125 0.8704835859375001 0.6465311390624999 0.9698968140625001 0.657690203125 0.9802676734375 0.6233032749999999 0.9896920203124999 0.3534252890625 0.9603197937499999 0.343401315625 0.9470306734375 0.3503808671875
0 0.5351219296874999 0.2295121046875 0.525639596875 0.2241187609375 0.1344156171875 0.1725151359375 0.12066551562500001 0.17820736718750002 0.11463810156250001 0.1977977828125 0.0600100671875 0.595414475 0.063236946875 0.6044257171874999 0.072258296875 0.6085317390625 0.45743985 0.5934205 0.47009450468749997 0.588503096875 0.4762656703125 0.5712310765625 0.5384628296875 0.2465096046875 0.5351219296874999 0.2295121046875
0 0.43807149531249995 0.8181249015625 0.43856393125000004 0.8336062234374999 0.46168298593749996 0.837040759375 0.711645953125 0.865033515625 0.7225701984375 0.860274665625 0.775835528125 0.6939834109375 0.5172887187499999 0.625562609375 0.50951345 0.6132538515625 0.5449182921875 0.49818036093750007 0.53434665 0.508625921875 0.43807149531249995 0.8181249015625
0 0.3934541796875 0.8278603984374999 0.4036818703125 0.81108744375 0.5069800703125 0.49887321562500003 0.5057408296875 0.48407897968749997 0.4947134703125 0.4775707234375 0.4780218859375 0.5718188640624999 0.4698874703125 0.5911992374999999 0.463410896875 0.595780228125 0.0802628734375 0.6106043546875 0.0594976171875 0.602807825 0.0652498546875 0.560584240625 0.004892796875 0.74499413125 0.0054998609375 0.7547848125 0.0124369734375 0.7628234953125 0.3713492375 0.82441814375 0.3934541796875 0.8278603984374999
0 0.6762405703125001 1 0.7218280890625 0.864786403125 0.44801772968750003 0.8358686375 0.4390716125 0.826514003125 0.38156014531250004 1 0.6762405703125001 1
0 0.8999856578125 0.5014362609374999 0.8046347671875 0.7703240484375 0.8038762421874999 0.7817075765625 0.810925328125 0.78911821875 0.923837484375 0.8073931109375 0.9699466203125 0.6575283187500001 0.8636042953124999 0.642870859375 0.8595449578125001 0.6364446609375001 0.86331226875 0.6224164453125 0.8999856578125 0.5014362609374999
0 0.744903575 0.9287909109375001 0.744551296875 0.9388540437499999 0.7539077515625 0.94411611875 0.87407211875 0.9691414546875 0.924040609375 0.8067329125 0.8102239125 0.7896143437500001 0.8027685796874999 0.7835240953125 0.8031208578125 0.7734609609375 0.744903575 0.9287909109375001
0 0.3367796171875 1 0.46174181406250003 0.677046596875 0.4596135890625 0.664357084375 0.4542887109375 0.6596065546875 0.4002203875 0.8206354156250001 0.3897451046875 0.8301739921875001 0.02038389375 0.7684968375000001 0.009175921875 0.7608100999999999 0 0.7847539109375 0 0.8927787109375 0.32251945000000004 1 0.3367796171875 1
0 0.864577821875 1 0.874213103125 0.9686832234375 0.749661778125 0.9443972546875001 0.7438605484374999 0.9376087921874999 0.7215686359375 1 0.864577821875 1