0 0.083401434375 0.9206641031249999 0.345856596875 0.931645603125 0.3572982703125 0.9308915703125 0.364050809375 0.9114665765625001 0.39749099062500004 0.5723103859374999 0.3957254828125 0.55590569375 0.3839307109375 0.5533787890624999 0.1190096296875 0.589202925 0.10908062968750001 0.5965425265625 0.074881940625 0.90624135625 0.083401434375 0.9206641031249999
0 0.387470409375 0.6908464750000001 0.43361644374999997 0.40003185625000004 0.42963351093749996 0.38792276875 0.4202581421875 0.38546694531250003 0.168641609375 0.3955174578125 0.1556378578125 0.40167653750000004 0.1504982546875 0.42114892031249995 0.12047144375 0.5903360625 0.38796305000000003 0.553497259375 0.3983468671875 0.5603434625 0.387470409375 0.6908464750000001
0 0 0.7859422281249999 0.032330984374999996 0.787250903125 0.0443262890625 0.7767014453125001 0.049817546875 0.74306695 0.0848270453125 0.48572096875000004 0.0835657640625 0.4715114671875 0.073383925 0.46903195000000003 0 0.4821301375 0 0.7859422281249999
0 0.4733876515625 0.4284550359375 0.46293108125 0.7595649796874999 0.4688800515625 0.7750023921875 0.47906188906249997 0.7774819109375 0.8724104453124999 0.714905709375 0.8850610953125001 0.7054656921875 0.8879324171875 0.6848364796874999 0.8795321890625001 0.28558086718750003 0.8749447703125 0.2778147703125 0.8654182765625 0.27644469531250004 0.4884562578125 0.40164305 0.4767631984375 0.4100210125 0.4733876515625 0.4284550359375
0 0.4172057890625 0.5186409859375 0.425982753125 0.5055284265625 0.4723804484375 0.17931615781250002 0.4694738078125 0.1645232921875 0.44616897031249997 0.1678497234375 0.1956272640625 0.21263346875 0.1856135078125 0.22036151718750002 0.15917030000000001 0.3960742390625 0.42448936562500006 0.3878248046875 0.4340718453125 0.3974656359375 0.4172057890625 0.5186409859375
0 0.9001948499999999 0.11042464062499999 0.537103928125 0.1540831875 0.514796578125 0.1571109265625 0.50734810625 0.17622851875 0.4544588734375 0.50707705625 0.45799348437500004 0.5209926375 0.46987126406249996 0.5241039546875 0.47156618906250003 0.4283923890625 0.47654533906249996 0.40736068124999997 0.4822068625 0.4010815421875 0.8572111781249999 0.2767441671875 0.8788803328125001 0.2783015875 0.87982043125 0.3206851984375 0.9104133203125 0.125457378125 0.9082839609375 0.11618699375 0.9001948499999999 0.11042464062499999
0 0.361662984375 0 0.2263669234375 0.02898428125 0.21922363749999998 0.0328764140625 0.21445142343749998 0.0416238734375 0.1856385796875 0.215796075 0.45980983125 0.1650558765625 0.47008325624999997 0.1715107109375 0.4975993234375 0 0.361662984375 0
0 0 0.4829596875 0.080731196875 0.4705872140625 0.08573404999999999 0.47562053281249994 0.0842183953125 0.490235003125 0.0670270390625 0.6174726500000001 0.11886718593750001 0.3307020140625 0.11783349375 0.3195028828125 0.109732353125 0.3143785375 0 0.32861609999999997 0 0.4829596875
0 0 0.3292493453125 0.11034549687499999 0.3136985015625 0.11864016562499999 0.3174324375 0.119867384375 0.3272411625 0.15290189999999998 0.1606802671875 0.15167468125 0.15087154375 0.141637340625 0.14848250624999998 0.0193851515625 0.1588516890625 0 0.29812564531249997 0 0.3292493453125
0 0.5384158296875 0 0.471138359375 0.3222073765625 0.4752192046875 0.33383729687499997 0.481206240625 0.3368907015625 0.5092634109375 0.166023815625 0.51808735625 0.15381386875 0.8914812796874999 0.107234059375 0.9037212718750001 0.1114303453125 0.9266325312499999 0 0.5384158296875 0
0 0.12572215 0 0.03860924375 0.020734878125 0.019317990625 0.15933421875 0.1457747875 0.1469918921875 0.15254971875 0.1518744171875 0.1794809453125 0.0048016515625 0.178895003125 0 0.12572215 0