0 0.39687937500000003 0.4375432453125 0.41314492343750003 0.4334768578125 0.4153136625 0.4212776984375 0.37193886875 0.1602156484375 0.3643482796875 0.1512695984375 0.0553028640625 0.1602156484375 0.04120605625 0.17078825625 0.0379529453125 0.43591669062499994 0.039037315625 0.447302575 0.0585559734375 0.45136896093749995 0.39687937500000003 0.4375432453125
0 0.5660410765624999 0.1829874171875 0.55953485625 0.17078825625 0.5400161984375 0.1683484234375 0.3708544984375 0.1618422046875 0.4153136625 0.425344084375 0.40880744375000005 0.43672996875000003 0.2786830578125 0.4440494640625 0.5692941859375 0.4497424078125 0.5812222546875 0.4440494640625 0.5833909937499999 0.43429013593750004 0.5660410765624999 0.1829874171875
0 0.4738696359375 0.11141900468749999 0.48796644375 0.10816589531250001 0.490135184375 0.0975932890625 0.46953215625 0 0.17349918125 0.0016265546874999997 0.1724148109375 0.10084639843750001 0.183258509375 0.11141900468749999 0.216873975 0.1122322828125 0.4738696359375 0.11141900468749999
0 0.2992860859375 0.9458416265625 0.6961654609375 0.8815927109375 0.70375605 0.8758997687500001 0.7048404203125 0.8661404390625 0.5692941859375 0.5050452703125 0.5606192265625001 0.4944726640625 0.5421849390625 0.4936593859375 0.21253649531250002 0.5294435921875 0.19735531875 0.5375763671875 0.195186578125 0.5481489734375 0.2689237296875 0.9344557421875 0.2786830578125 0.9458416265625 0.2992860859375 0.9458416265625
0 0.800604028125 0.42989244531250004 0.7487376546875 0.18452459999999998 0.7407582125000001 0.1755477265625 0.565210484375 0.17355286718750002 0.58116936875 0.43886931718750005 0.5718600203124999 0.44984105156250004 0.45083848125000003 0.44984105156250004 0.4641375515625 0.4568230625 0.789964771875 0.4578204921875 0.8045937500000001 0.4528333421875 0.800604028125 0.42989244531250004
0 0.5696700703124999 0.4986902796875 0.7043027078125 0.8579396125000001 0.703386840625 0.8799204515625 0.6612568984375 0.8867894640625 0.85633684375 0.8902239703125 0.8654955265625001 0.8867894640625 0.8709907359375 0.8778597484375 0.8169545062499999 0.519297315625 0.8132910328125 0.49731647656250005 0.7940578 0.49250816875 0.46342935 0.48563915625 0.44969132656250005 0.49113436562499996 0.44694372031249996 0.5034985875 0.542194021875 0.49182126718749997 0.56325899375 0.4938819703125 0.5696700703124999 0.4986902796875
0 0.9887465640625 0.45850231875 0.9955467468749999 0.4539121953125 0.9962267656250001 0.446772003125 0.9323050484375001 0.189725096875 0.9282249390624999 0.18309491875 0.9193847015625 0.1795248234375 0.7453000234375 0.1749347 0.8037815937499999 0.4432019078125 0.79766143125 0.454422209375 0.9887465640625 0.45850231875
0 0.4693619046875 0 0.48880292968749994 0.105189834375 0.48394267187500006 0.11091799375 0.4693619046875 0.1114387359375 0.342300915625 0.111959478125 0.6290560421875 0.12393653906249999 0.6401652 0.1213328296875 0.64502545625 0.1124802203125 0.626973075 0 0.4693619046875 0
0 0.626278753125 0 0.6457197796874999 0.1130009609375 0.6422481671875 0.12185357031249999 0.6325276546875 0.1244572796875 0.7991650171875 0.1343513734375 0.8088855296874999 0.1317476640625 0.8109684953125 0.1213328296875 0.7970820484375001 0 0.626278753125 0
0 0.873909653125 0.868662378125 0.8700934531250001 0.8815420515625 0.99889018125 0.8901285 1 0.5073160015625 0.9960280312500001 0.500876165625 0.6477998406250001 0.4765478953125 0.63635124375 0.48227219374999997 0.63348909375 0.48871202968749994 0.8042640140625 0.4930052546875 0.8166666625 0.500160628125 0.873909653125 0.868662378125
0 0.7966001312500001 0 0.8125720624999999 0.1252798453125 0.80791358125 0.1327666890625 0.9549884609375001 0.1392552859375 0.9663019125 0.1362605484375 0.9702948953125 0.1287737046875 0.9350235437500001 0 0.7966001312500001 0